110.91164588928223
110.42628455162048
107.0882203578949
100.98981165885925
296.95605540275574
706.4399433135986
696.6386921405792
804.3236794471741
931.6849265098572
1060.9682338237762
1023.8563125133514
1049.6322972774506
991.048834323883
975.4534666538239
968.6283946037292
934.3633019924164
852.5953674316406
706.0833132266998
551.2438516616821
437.5552399158478
348.4457983970642
167.9668047428131
71.19323492050171
46.394651651382446
31.221415996551514
29.354656457901
24.672202825546265
17.23083186149597
