229.6434190273285
228.8198263645172
230.45859026908875
250.90835547447205
538.0118145942688
944.6957573890686
951.9119153022766
1074.193243265152
1238.3873550891876
1363.952716588974
1312.5332641601562
1332.1114382743835
1280.2622199058533
1281.6928343772888
1259.4830627441406
1216.8951063156128
1167.7346198558807
1014.2525629997253
843.5098142623901
722.5627040863037
610.6144297122955
440.4305012226105
331.0202748775482
323.9813241958618
299.75282883644104
302.3332099914551
282.86841011047363
268.8063087463379
