87.3054723739624
86.24000024795532
83.50151371955872
105.68285036087036
136.88526225090027
168.26725006103516
200.39493608474731
204.5054669380188
219.4305922985077
257.2963638305664
235.3925096988678
362.56924629211426
219.36018204689026
186.88369846343994
207.89729571342468
248.77502512931824
155.79750633239746
196.34165692329407
211.41679501533508
201.95238709449768
156.11360239982605
162.05558824539185
165.3184208869934
164.42526841163635
140.1947193145752
128.08315634727478
124.1373028755188
94.47499465942383
115.43557024002075
97.94843745231628
96.29561877250671
99.06767463684082
86.16368865966797
71.77489614486694
81.61991620063782
73.80683636665344
67.60031747817993
59.95282340049744
53.941842555999756
54.995424032211304
50.75658965110779
43.22457456588745
39.625170946121216
36.98737812042236
35.123905420303345
32.34811472892761
28.145545959472656
24.32902479171753
22.258458137512207
20.43837571144104
17.677708625793457
13.415244579315186
11.678447008132935
9.664204120635986
8.248002290725708
0.005198240280151367
