112.42625045776367
106.36904120445251
107.01197099685669
109.84753060340881
3352.633060693741
4572.568861961365
5345.122896194458
5754.616646051407
5779.348138809204
5889.27733039856
6002.158558130264
5862.833542346954
5970.37283706665
5738.5176956653595
5339.803691625595
5362.323668003082
5687.919678688049
5060.690007686615
5010.169026136398
4812.4481744766235
4665.294383525848
4558.8157567977905
4502.896008014679
4332.5838894844055
4400.13565659523
3946.416174173355
3925.9665191173553
3794.600959300995
3580.24613904953
3362.1520385742188
3242.1289813518524
3083.388625383377
3007.342677116394
2697.920341491699
2719.0629057884216
2568.4542882442474
2477.046546459198
2430.5251512527466
2300.964749097824
2158.0503447055817
1939.0939071178436
1727.5276441574097
1491.5597474575043
1316.2776844501495
1188.4286108016968
1049.313686132431
887.1874103546143
614.3913810253143
453.0779538154602
344.7149829864502
262.3698298931122
221.5620312690735
120.84249758720398
71.10170149803162
37.827593088150024
12.793990850448608
