66.43121361732483
65.55233979225159
65.96253156661987
73.23534083366394
118.55292844772339
120.23501133918762
133.81262969970703
142.83516812324524
175.79448175430298
173.7428526878357
160.61874771118164
153.61028242111206
163.5225534439087
177.662930727005
164.78652381896973
159.75995135307312
192.80268692970276
189.57796263694763
174.9276967048645
172.2608938217163
151.23985266685486
167.9248857498169
158.2787516117096
175.99871969223022
169.37933993339539
178.18558740615845
167.82921266555786
188.9013135433197
