235.46686625480652
227.01881766319275
227.70443153381348
284.5032365322113
3589.2317390441895
4857.905861377716
5674.059945106506
6089.453432559967
6133.2337901592255
6284.379518032074
6376.896813869476
6362.945945739746
6329.892762899399
6062.941036701202
5688.48693561554
5749.487854242325
5980.5608332157135
5385.622679233551
5352.219267129898
5146.6003296375275
4949.404507160187
4850.971783399582
4797.212906599045
4626.793875694275
4668.45796751976
4203.050525188446
4178.798396348953
4012.9703974723816
3820.3858408927917
3584.622888326645
3459.8648416996
3305.421062707901
3211.840695142746
2890.5813403129578
2919.355412006378
2761.888778924942
2663.8524935245514
2609.8186309337616
2471.34201836586
2329.315385580063
2104.4212415218353
1882.9212009906769
1641.924779176712
1464.349049091339
1335.9025237560272
1191.2789235115051
1022.8183414936066
746.8722062110901
582.5242204666138
472.28753995895386
386.9743824005127
338.6946609020233
236.0057990550995
182.10096335411072
148.3718523979187
108.02357172966003
