108.4004168510437
104.65056157112122
104.64482593536377
116.50491404533386
174.23346257209778
168.83058309555054
178.3112564086914
164.0835862159729
171.55362248420715
155.42639708518982
167.90121603012085
131.91539931297302
126.45674991607666
117.48113942146301
109.27257132530212
93.41348719596863
83.61901760101318
68.83271479606628
73.23359417915344
49.82824420928955
43.46714639663696
35.02657413482666
27.12614870071411
23.051936626434326
18.825968265533447
16.334912300109863
14.131495952606201
12.648294925689697
