203.8382260799408
194.92759704589844
203.63966941833496
220.58694648742676
276.63869738578796
273.05735039711
283.5709478855133
269.51714968681335
275.7302784919739
257.5027632713318
270.8446798324585
230.62360095977783
226.21627354621887
205.48738193511963
193.74636268615723
176.65138483047485
165.31457090377808
146.04550552368164
149.11481046676636
120.4866533279419
113.35737824440002
101.59032988548279
91.05918645858765
84.65851163864136
78.00634407997131
73.2372636795044
70.2363498210907
51.64977550506592
