73.73290538787842
68.43740153312683
73.34043979644775
67.96796441078186
63.26943063735962
63.331727027893066
62.98975419998169
62.315829277038574
60.78664231300354
56.84766364097595
57.80512094497681
55.32383966445923
54.070722818374634
45.58694005012512
40.81664323806763
39.697985887527466
37.63301682472229
33.05619263648987
30.93863010406494
28.425610780715942
26.015514135360718
22.71990466117859
19.736372709274292
17.070505619049072
15.142658472061157
13.375067710876465
12.255406856536865
0.0049130916595458984
